local_slide( { "name" : "8E9F8BA1-C4F5-40BD-BE9F-2F47407C7352", "json" : {"assets":{"A7FF033CCF86163641F5860100CA2B3D":{"type":"texture","index":431,"assetRequest":{"type":"slide","state":"contents","slide":"8E9F8BA1-C4F5-40BD-BE9F-2F47407C7352"},"url":"assets/A7FF033CCF86163641F5860100CA2B3D.svg","width":332,"height":358},"1.gif-0.0000-20.8000":{"type":"video","index":0,"assetRequest":{},"url":"assets/1.gif-0.0000-20.8000.m4v","width":300,"height":200},"67A3D80C34AA1A1ACB6DCB9DD98A4230":{"url":"assets/67A3D80C34AA1A1ACB6DCB9DD98A4230.svg","height":516.3312377929688,"movie":"1.gif-0.0000-20.8000","width":774.496826171875,"type":"texture","assetRequest":{"byGlyphStyle":0,"deliveryStyle":0,"chunkIndex":1,"type":"chunk","chunkCount":1,"stageIndex":0,"stageCount":1},"index":434},"F6A2523DF724A75D8B738F288ECA0BD3":{"type":"texture","index":436,"assetRequest":{"type":"slide","state":"incoming","slide":"C84265F6-48DD-444D-B01B-F47253F8C100"},"url":"assets/F6A2523DF724A75D8B738F288ECA0BD3.svg","width":1024,"height":768},"14F43EE55C1F86F620946F0EBB100C69":{"type":"texture","index":430,"assetRequest":{"type":"slide","state":"contents","slide":"8E9F8BA1-C4F5-40BD-BE9F-2F47407C7352"},"url":"assets/14F43EE55C1F86F620946F0EBB100C69.svg","width":1024,"height":768},"1C3635E4662046DE2DA53BB3DE1ADBAC":{"type":"texture","index":432,"assetRequest":{"type":"slide","state":"contents","slide":"8E9F8BA1-C4F5-40BD-BE9F-2F47407C7352"},"url":"assets/1C3635E4662046DE2DA53BB3DE1ADBAC.svg","width":893,"height":112},"80BBBB8AD7E6A9BFA0AC8BE99ACF4C55":{"type":"texture","index":433,"assetRequest":{"type":"slide","state":"contents","slide":"8E9F8BA1-C4F5-40BD-BE9F-2F47407C7352"},"url":"assets/80BBBB8AD7E6A9BFA0AC8BE99ACF4C55.svg","width":777,"height":519},"E35241342EBF208E1FDAF72FA6F3DC66":{"type":"texture","index":437,"assetRequest":{"type":"slide","state":"incoming-reflection","slide":"C84265F6-48DD-444D-B01B-F47253F8C100"},"url":"assets/E35241342EBF208E1FDAF72FA6F3DC66.svg","width":1024,"height":384},"0D0B238240A683B1EE440CEA2582C4E1":{"type":"texture","index":435,"assetRequest":{"type":"slide","state":"outgoing","slide":"8E9F8BA1-C4F5-40BD-BE9F-2F47407C7352"},"url":"assets/0D0B238240A683B1EE440CEA2582C4E1.svg","width":1024,"height":768},"6A5DE2CF409E103D4DAAD41F0A8FFDB6":{"type":"texture","index":438,"assetRequest":{"type":"slide","state":"outgoing-reflection","slide":"8E9F8BA1-C4F5-40BD-BE9F-2F47407C7352"},"url":"assets/6A5DE2CF409E103D4DAAD41F0A8FFDB6.svg","width":1024,"height":384}},"events":[{"effects":[{"beginTime":0,"baseLayer":{"animations":[],"initialState":{"affineTransform":[1,0,0,1,0,0],"masksToBounds":false,"rotation":0,"scale":1,"position":{"pointX":523.3680267333984,"pointY":460.2469635009766},"width":774.496826171875,"sublayerTransform":[1,0,0,0,0,1,0,0,0,0,1,0,0,0,0,1],"contentsRect":{"y":0,"x":0,"width":1,"height":1},"opacity":1,"edgeAntialiasingMask":15,"height":516.3312377929688,"hidden":false,"anchorPoint":{"pointX":0.5,"pointY":0.5}},"objectID":"8E780E3C-0637-42D5-9B68-D5B0FF4CAAC2","layers":[{"animations":[],"initialState":{"affineTransform":[1,0,0,1,0,0],"masksToBounds":false,"rotation":0,"scale":1,"position":{"pointX":375.8803863525391,"pointY":181.9186553955078},"width":774.496826171875,"sublayerTransform":[1,0,0,0,0,1,0,0,0,0,1,-0.0004922987690640373,0,0,0,1],"contentsRect":{"y":0,"x":0,"width":1,"height":1},"opacity":1,"edgeAntialiasingMask":15,"height":516.3312377929688,"hidden":false,"anchorPoint":{"pointX":0.4853220486524296,"pointY":0.3523293616189284}},"layers":[{"animations":[{"repeatCount":0,"animations":[{"from":{"scalar":true},"beginTime":0,"repeatCount":0,"fillMode":"removed","property":"isPlaying","duration":0.01,"to":{"scalar":true}},{"from":{"scalar":false},"beginTime":0,"repeatCount":0,"fillMode":"removed","property":"hidden","duration":0.01,"to":{"scalar":false}}],"beginTime":1e-100,"fillMode":"both","duration":0.01}],"layers":[],"initialState":{"affineTransform":[1,0,0,1,0,0],"masksToBounds":false,"rotation":0,"scale":1,"position":{"pointX":387.3803863525391,"pointY":258.4186553955078},"width":777,"sublayerTransform":[1,0,0,0,0,1,0,0,0,0,1,0,0,0,0,1],"contentsRect":{"y":0,"x":0,"width":1,"height":1},"opacity":1,"edgeAntialiasingMask":0,"height":519,"hidden":false,"anchorPoint":{"pointX":0.5,"pointY":0.5}},"texture":"80BBBB8AD7E6A9BFA0AC8BE99ACF4C55"}]}]},"effects":[{"beginTime":0,"baseLayer":{"animations":[],"initialState":{"affineTransform":[1,0,0,1,0,0],"masksToBounds":false,"rotation":0,"scale":1,"position":{"pointX":523.3680267333984,"pointY":460.2469635009766},"width":774.496826171875,"sublayerTransform":[1,0,0,0,0,1,0,0,0,0,1,0,0,0,0,1],"contentsRect":{"y":0,"x":0,"width":1,"height":1},"opacity":1,"edgeAntialiasingMask":15,"height":516.3312377929688,"hidden":false,"anchorPoint":{"pointX":0.5,"pointY":0.5}},"objectID":"8E780E3C-0637-42D5-9B68-D5B0FF4CAAC2","layers":[{"animations":[],"layers":[],"initialState":{"affineTransform":[1,0,0,1,0,0],"masksToBounds":false,"rotation":0,"scale":1,"position":{"pointX":387.3803863525391,"pointY":258.4186553955078},"width":777,"sublayerTransform":[1,0,0,0,0,1,0,0,0,0,1,0,0,0,0,1],"contentsRect":{"y":0,"x":0,"width":1,"height":1},"opacity":1,"edgeAntialiasingMask":0,"height":519,"hidden":true,"anchorPoint":{"pointX":0.5,"pointY":0.5}},"texture":"80BBBB8AD7E6A9BFA0AC8BE99ACF4C55"},{"animations":[],"layers":[],"initialState":{"affineTransform":[1,0,0,1,0,0],"masksToBounds":false,"rotation":0,"scale":1,"position":{"pointX":387.2484130859375,"pointY":258.1656188964844},"width":774.496826171875,"sublayerTransform":[1,0,0,0,0,1,0,0,0,0,1,0,0,0,0,1],"contentsRect":{"y":0,"x":0,"width":1,"height":1},"opacity":1,"edgeAntialiasingMask":15,"height":516.3312377929688,"hidden":false,"anchorPoint":{"pointX":0.5,"pointY":0.5}},"texture":"67A3D80C34AA1A1ACB6DCB9DD98A4230"}]},"effects":[],"movie":{"volume":1,"isStreaming":false,"isAudioOnly":false,"endTime":20.79999923706055,"startTime":0,"asset":"1.gif-0.0000-20.8000","loopMode":"looping"},"duration":0,"type":"buildIn","name":"renderMovie","objectID":"8E780E3C-0637-42D5-9B68-D5B0FF4CAAC2"}],"duration":0.01,"type":"buildIn","name":"apple:movie-start","objectID":"8E780E3C-0637-42D5-9B68-D5B0FF4CAAC2"}],"automaticPlay":true,"hyperlinks":[],"accessibility":[{"text":"icon_company.png","targetRectangle":{"y":206.3999938964844,"x":838.4000244140625,"width":329.5072631835938,"height":354.6666870117188}},{"text":"ЭКСПЕРИМЕНТИРУЙТЕ","targetRectangle":{"y":36.09819674491882,"x":60.25963425636292,"width":896.669921875,"height":145}}],"baseLayer":{"animations":[],"initialState":{"affineTransform":[1,0,0,1,0,0],"masksToBounds":true,"rotation":0,"scale":1,"position":{"pointX":512,"pointY":384},"width":1024,"sublayerTransform":[1,0,0,0,0,1,0,0,0,0,1,0,0,0,0,1],"contentsRect":{"y":0,"x":0,"width":1,"height":1},"opacity":1,"edgeAntialiasingMask":0,"height":768,"hidden":false,"anchorPoint":{"pointX":0.5,"pointY":0.5}},"layers":[{"animations":[],"initialState":{"affineTransform":[1,0,0,1,0,0],"masksToBounds":false,"rotation":0,"scale":1,"position":{"pointX":512,"pointY":384},"width":1024,"sublayerTransform":[1,0,0,0,0,1,0,0,0,0,1,0,0,0,0,1],"contentsRect":{"y":0,"x":0,"width":1,"height":1},"opacity":1,"edgeAntialiasingMask":15,"height":768,"hidden":false,"anchorPoint":{"pointX":0.5,"pointY":0.5}},"layers":[{"animations":[],"initialState":{"affineTransform":[1,0,0,1,0,0],"masksToBounds":false,"rotation":0,"scale":1,"position":{"pointX":512,"pointY":384},"width":1024,"sublayerTransform":[1,0,0,0,0,1,0,0,0,0,1,0,0,0,0,1],"contentsRect":{"y":0,"x":0,"width":1,"height":1},"opacity":1,"edgeAntialiasingMask":15,"height":768,"hidden":false,"anchorPoint":{"pointX":0.5,"pointY":0.5}},"layers":[{"animations":[],"layers":[],"initialState":{"affineTransform":[1,0,0,1,0,0],"masksToBounds":false,"rotation":0,"scale":1,"position":{"pointX":512,"pointY":384},"width":1024,"sublayerTransform":[1,0,0,0,0,1,0,0,0,0,1,0,0,0,0,1],"contentsRect":{"y":0,"x":0,"width":1,"height":1},"opacity":1,"edgeAntialiasingMask":0,"height":768,"hidden":false,"anchorPoint":{"pointX":0.5,"pointY":0.5}},"texture":"14F43EE55C1F86F620946F0EBB100C69"}]}]},{"animations":[],"initialState":{"affineTransform":[1,0,0,1,0,0],"masksToBounds":false,"rotation":0,"scale":1,"position":{"pointX":512,"pointY":384},"width":1024,"sublayerTransform":[1,0,0,0,0,1,0,0,0,0,1,0,0,0,0,1],"contentsRect":{"y":0,"x":0,"width":1,"height":1},"opacity":1,"edgeAntialiasingMask":15,"height":768,"hidden":false,"anchorPoint":{"pointX":0.5,"pointY":0.5}},"layers":[{"animations":[],"initialState":{"affineTransform":[1,0,0,1,0,0],"masksToBounds":false,"rotation":0,"scale":1,"position":{"pointX":1003.153656005859,"pointY":383.7333374023438},"width":329.5072631835938,"sublayerTransform":[1,0,0,0,0,1,0,0,0,0,1,0,0,0,0,1],"contentsRect":{"y":0,"x":0,"width":1,"height":1},"opacity":1,"edgeAntialiasingMask":15,"height":354.6666870117188,"hidden":false,"anchorPoint":{"pointX":0.5,"pointY":0.5}},"objectID":"344DA4D2-EE74-4DE6-860C-F9AAF8114404","layers":[{"animations":[],"layers":[],"initialState":{"affineTransform":[1,0,0,1,0,0],"masksToBounds":false,"rotation":0,"scale":1,"position":{"pointX":164.5999755859375,"pointY":177.6000061035156},"width":332,"sublayerTransform":[1,0,0,0,0,1,0,0,0,0,1,0,0,0,0,1],"contentsRect":{"y":0,"x":0,"width":1,"height":1},"opacity":1,"edgeAntialiasingMask":0,"height":358,"hidden":false,"anchorPoint":{"pointX":0.5,"pointY":0.5}},"texture":"A7FF033CCF86163641F5860100CA2B3D"}]}]},{"animations":[],"initialState":{"affineTransform":[1,0,0,1,0,0],"masksToBounds":false,"rotation":0,"scale":1,"position":{"pointX":512,"pointY":384},"width":1024,"sublayerTransform":[1,0,0,0,0,1,0,0,0,0,1,0,0,0,0,1],"contentsRect":{"y":0,"x":0,"width":1,"height":1},"opacity":1,"edgeAntialiasingMask":15,"height":768,"hidden":false,"anchorPoint":{"pointX":0.5,"pointY":0.5}},"layers":[{"animations":[],"initialState":{"affineTransform":[1,0,0,1,0,0],"masksToBounds":false,"rotation":0,"scale":1,"position":{"pointX":536.2368235886097,"pointY":108.7856982946396},"width":956.2210455536842,"sublayerTransform":[1,0,0,0,0,1,0,0,0,0,1,0,0,0,0,1],"contentsRect":{"y":0,"x":0,"width":1,"height":1},"opacity":1,"edgeAntialiasingMask":15,"height":221.6416699886322,"hidden":false,"anchorPoint":{"pointX":0.5,"pointY":0.5}},"objectID":"B1C1CFDC-57D4-4FB4-BEE3-AFC2BAF851DD","layers":[{"animations":[],"layers":[],"initialState":{"affineTransform":[1,0,0,1,0,0],"masksToBounds":false,"rotation":0,"scale":1,"position":{"pointX":451.3736991882324,"pointY":102.0351366996765},"width":893,"sublayerTransform":[1,0,0,0,0,1,0,0,0,0,1,0,0,0,0,1],"contentsRect":{"y":0,"x":0,"width":1,"height":1},"opacity":1,"edgeAntialiasingMask":0,"height":112,"hidden":false,"anchorPoint":{"pointX":0.5,"pointY":0.5}},"texture":"1C3635E4662046DE2DA53BB3DE1ADBAC"}]}]},{"animations":[],"initialState":{"affineTransform":[1,0,0,1,0,0],"masksToBounds":false,"rotation":0,"scale":1,"position":{"pointX":512,"pointY":384},"width":1024,"sublayerTransform":[1,0,0,0,0,1,0,0,0,0,1,0,0,0,0,1],"contentsRect":{"y":0,"x":0,"width":1,"height":1},"opacity":1,"edgeAntialiasingMask":15,"height":768,"hidden":false,"anchorPoint":{"pointX":0.5,"pointY":0.5}},"layers":[{"animations":[],"initialState":{"affineTransform":[1,0,0,1,0,0],"masksToBounds":false,"rotation":0,"scale":1,"position":{"pointX":523.3680267333984,"pointY":460.2469635009766},"width":774.496826171875,"sublayerTransform":[1,0,0,0,0,1,0,0,0,0,1,0,0,0,0,1],"contentsRect":{"y":0,"x":0,"width":1,"height":1},"opacity":1,"edgeAntialiasingMask":15,"height":516.3312377929688,"hidden":false,"anchorPoint":{"pointX":0.5,"pointY":0.5}},"objectID":"8E780E3C-0637-42D5-9B68-D5B0FF4CAAC2","layers":[{"animations":[],"layers":[],"initialState":{"affineTransform":[1,0,0,1,0,0],"masksToBounds":false,"rotation":0,"scale":1,"position":{"pointX":387.3803863525391,"pointY":258.4186553955078},"width":777,"sublayerTransform":[1,0,0,0,0,1,0,0,0,0,1,0,0,0,0,1],"contentsRect":{"y":0,"x":0,"width":1,"height":1},"opacity":1,"edgeAntialiasingMask":0,"height":519,"hidden":false,"anchorPoint":{"pointX":0.5,"pointY":0.5}},"texture":"80BBBB8AD7E6A9BFA0AC8BE99ACF4C55"}]}]}]}},{"effects":[{"beginTime":0,"baseLayer":{"animations":[],"initialState":{"affineTransform":[1,0,0,1,0,0],"masksToBounds":true,"rotation":0,"scale":1,"position":{"pointX":512,"pointY":384},"width":1024,"sublayerTransform":[1,0,0,0,0,1,0,0,0,0,1,0,0,0,0,1],"contentsRect":{"y":0,"x":0,"width":1,"height":1},"opacity":1,"edgeAntialiasingMask":0,"height":768,"hidden":false,"anchorPoint":{"pointX":0.5,"pointY":0.5}},"objectID":"0","layers":[{"animations":[],"initialState":{"affineTransform":[1,0,0,1,0,0],"masksToBounds":false,"rotation":0,"scale":1,"position":{"pointX":512,"pointY":384},"width":1024,"sublayerTransform":[1,0,0,0,0,1,0,0,0,0,1,-0.0004922987690640373,0,0,0,1],"contentsRect":{"y":0,"x":0,"width":1,"height":1},"opacity":1,"edgeAntialiasingMask":15,"height":768,"hidden":false,"anchorPoint":{"pointX":0.5,"pointY":0.5}},"layers":[{"animations":[{"repeatCount":0,"animations":[{"from":{"scalar":0.25},"beginTime":0,"repeatCount":0,"fillMode":"removed","property":"opacity","duration":0.300000011920929,"timingFunction":"easeOut","to":{"scalar":1}},{"values":[{"transform":[0,0,-1,0,0,1,0,0,1,0,0,0,-512,0,512,1]},{"transform":[0.02388551631779418,0,-0.9997147003571731,0,0,1,0,0,0.9997147003571731,0,0.02388551631779418,0,-511.8539265828726,0,463.0929296981228,1]},{"transform":[0.08715450548738878,0,-0.9961948063372187,0,0,1,0,0,0.9961948063372187,0,0.08715450548738878,0,-510.051740844656,0,334.0169714515637,1]},{"transform":[0.1792495202138544,0,-0.9838036437740526,0,0,1,0,0,0.9838036437740526,0,0.1792495202138544,0,-503.7074656123149,0,149.3562810330745,1]},{"transform":[0.2909018039436106,0,-0.9567529150529687,0,0,1,0,0,0.9567529150529687,0,0.2909018039436106,0,-489.85749250712,0,-64.44300835597349,1]},{"transform":[0.4132113170329805,0,-0.9106351670542214,0,0,1,0,0,0.9106351670542214,0,0.4132113170329805,0,-466.2452055317614,0,-277.5375806351614,1]},{"transform":[0.5374974554394976,0,-0.8432653706847362,0,0,1,0,0,0.8432653706847362,0,0.5374974554394976,0,-431.7518697905849,0,-459.3952913660765,1]},{"transform":[0.6556486706545642,0,-0.755066103509423,0,0,1,0,0,0.755066103509423,0,0.6556486706545642,0,-386.5938449968246,0,-584.1013410413509,1]},{"transform":[0.7607282905084017,0,-0.6490704646031621,0,0,1,0,0,0.6490704646031621,0,0.7607282905084017,0,-332.324077876819,0,-635.9178677143423,1]},{"transform":[0.8476245718837756,0,-0.5305964428252852,0,0,1,0,0,0.5305964428252852,0,0.8476245718837756,0,-271.665378726546,0,-612.7945318206902,1]},{"transform":[0.9135706619029156,0,-0.4066800286592259,0,0,1,0,0,0.4066800286592259,0,0.9135706619029156,0,-208.2201746735237,0,-526.4197072883881,1]},{"transform":[0.9584081556608796,0,-0.2854011337796527,0,0,1,0,0,0.2854011337796527,0,0.9584081556608796,0,-146.1253804951822,0,-398.8482449452659,1]},{"transform":[0.9845192821505729,0,-0.1752763049408575,0,0,1,0,0,0.1752763049408575,0,0.9845192821505729,0,-89.74146812971902,0,-257.1304898077219,1]},{"transform":[0.996387896886753,0,-0.08491854295495981,0,0,1,0,0,0.08491854295495981,0,0.996387896886753,0,-43.47829399293942,0,-128.1143409415642,1]},{"transform":[0.9997313072969896,0,-0.02318001747739231,0,0,1,0,0,0.02318001747739231,0,0.9997313072969896,0,-11.86816894842486,0,-35.4573695101497,1]},{"transform":[1,0,0,0,0,1,0,0,0,0,1,0,0,0,0,1]}],"beginTime":0,"repeatCount":0,"keyTimes":[0,0.06666666666666667,0.1333333333333333,0.2,0.2666666666666667,0.3333333333333333,0.4,0.4666666666666667,0.5333333333333333,0.6,0.6666666666666666,0.7333333333333333,0.8,0.8666666666666667,0.9333333333333333,1],"property":"transform","fillMode":"removed","duration":0.300000011920929}],"beginTime":0,"fillMode":"both","duration":0.300000011920929}],"layers":[{"animations":[],"layers":[],"initialState":{"affineTransform":[1,0,0,1,0,0],"masksToBounds":false,"rotation":0,"scale":1,"position":{"pointX":512,"pointY":960},"width":1024,"sublayerTransform":[1,0,0,0,0,1,0,0,0,0,1,0,0,0,0,1],"contentsRect":{"y":0,"x":0,"width":1,"height":1},"opacity":1,"edgeAntialiasingMask":15,"height":384,"hidden":false,"anchorPoint":{"pointX":0.5,"pointY":0.5}},"texture":"E35241342EBF208E1FDAF72FA6F3DC66"}],"initialState":{"affineTransform":[1,0,0,1,0,0],"masksToBounds":false,"rotation":0,"scale":1,"position":{"pointX":512,"pointY":384},"width":1024,"sublayerTransform":[1,0,0,0,0,1,0,0,0,0,1,0,0,0,0,1],"contentsRect":{"y":0,"x":0,"width":1,"height":1},"opacity":1,"edgeAntialiasingMask":12,"height":768,"hidden":false,"anchorPoint":{"pointX":0.5,"pointY":0.5}},"texture":"F6A2523DF724A75D8B738F288ECA0BD3"},{"animations":[{"repeatCount":0,"animations":[{"from":{"scalar":1},"beginTime":0,"repeatCount":0,"fillMode":"removed","property":"opacity","duration":0.300000011920929,"timingFunction":"easeIn","to":{"scalar":0.25}},{"values":[{"transform":[1,0,0,0,0,1,0,0,0,0,1,0,0,0,0,1]},{"transform":[0.9997147003571731,0,0.0238855163177941,0,0,1,0,0,-0.0238855163177941,0,0.9997147003571731,0,12.22938435471058,0,-36.53161253003918,1]},{"transform":[0.9961948063372187,0,0.08715450548738878,0,0,1,0,0,-0.08715450548738878,0,0.9961948063372187,0,44.62310680954305,0,-131.4116625835492,1]},{"transform":[0.9838036437740526,0,0.1792495202138544,0,0,1,0,0,-0.1792495202138544,0,0.9838036437740526,0,91.77575434949345,0,-262.575430229747,1]},{"transform":[0.9567529150529687,0,0.2909018039436106,0,0,1,0,0,-0.2909018039436106,0,0.9567529150529687,0,148.9417236191287,0,-405.3587772439648,1]},{"transform":[0.9106351670542214,0,0.4132113170329805,0,0,1,0,0,-0.4132113170329805,0,0.9106351670542214,0,211.564194320886,0,-532.2185918460367,1]},{"transform":[0.8432653706847362,0,0.5374974554394975,0,0,1,0,0,-0.5374974554394975,0,0.8432653706847362,0,275.1986971850227,0,-615.9484639716387,1]},{"transform":[0.7550661035094232,0,0.6556486706545641,0,0,1,0,0,-0.6556486706545641,0,0.7550661035094232,0,335.6921193751368,0,-635.0030666630387,1]},{"transform":[0.6490704646031622,0,0.7607282905084016,0,0,1,0,0,-0.7607282905084016,0,0.6490704646031622,0,389.4928847403016,0,-578.7490608508596,1]},{"transform":[0.5305964428252853,0,0.8476245718837756,0,0,1,0,0,-0.8476245718837756,0,0.5305964428252853,0,433.9837808044931,0,-450.4761297427431,1]},{"transform":[0.406680028659226,0,0.9135706619029155,0,0,1,0,0,-0.9135706619029155,0,0.406680028659226,0,467.7481788942927,0,-266.891703067619,1]},{"transform":[0.2854011337796528,0,0.9584081556608796,0,0,1,0,0,-0.9584081556608796,0,0.2854011337796528,0,490.7049756983703,0,-54.26864974207777,1]},{"transform":[0.1752763049408575,0,0.9845192821505729,0,0,1,0,0,-0.9845192821505729,0,0.1752763049408575,0,504.0738724610933,0,157.2019145236524,1]},{"transform":[0.08491854295495986,0,0.996387896886753,0,0,1,0,0,-0.996387896886753,0,0.08491854295495986,0,510.1506032060175,0,338.5579682715139,1]},{"transform":[0.02318001747739237,0,0.9997313072969896,0,0,1,0,0,-0.9997313072969896,0,0.02318001747739237,0,511.8624293360587,0,464.536890877484,1]},{"transform":[0,0,1,0,0,1,0,0,-1,0,0,0,512,0,511.9999999999999,1]}],"beginTime":0,"repeatCount":0,"keyTimes":[0,0.06666666666666667,0.1333333333333333,0.2,0.2666666666666667,0.3333333333333333,0.4,0.4666666666666667,0.5333333333333333,0.6,0.6666666666666666,0.7333333333333333,0.8,0.8666666666666667,0.9333333333333333,1],"property":"transform","fillMode":"removed","duration":0.300000011920929}],"beginTime":0,"fillMode":"both","duration":0.300000011920929}],"layers":[{"animations":[],"layers":[],"initialState":{"affineTransform":[1,0,0,1,0,0],"masksToBounds":false,"rotation":0,"scale":1,"position":{"pointX":512,"pointY":960},"width":1024,"sublayerTransform":[1,0,0,0,0,1,0,0,0,0,1,0,0,0,0,1],"contentsRect":{"y":0,"x":0,"width":1,"height":1},"opacity":1,"edgeAntialiasingMask":15,"height":384,"hidden":false,"anchorPoint":{"pointX":0.5,"pointY":0.5}},"texture":"6A5DE2CF409E103D4DAAD41F0A8FFDB6"}],"initialState":{"affineTransform":[1,0,0,1,0,0],"masksToBounds":false,"rotation":0,"scale":1,"position":{"pointX":512,"pointY":384},"width":1024,"sublayerTransform":[1,0,0,0,0,1,0,0,0,0,1,0,0,0,0,1],"contentsRect":{"y":0,"x":0,"width":1,"height":1},"opacity":1,"edgeAntialiasingMask":12,"height":768,"hidden":false,"anchorPoint":{"pointX":0.5,"pointY":0.5}},"texture":"0D0B238240A683B1EE440CEA2582C4E1"}]}]},"effects":[],"duration":0.300000011920929,"type":"transition","name":"com.apple.iWork.Keynote.BLTReflection","objectID":"0"}],"automaticPlay":false,"hyperlinks":[],"accessibility":[{"text":"icon_company.png","targetRectangle":{"y":206.3999938964844,"x":838.4000244140625,"width":329.5072631835938,"height":354.6666870117188}},{"text":"ЭКСПЕРИМЕНТИРУЙТЕ","targetRectangle":{"y":36.09819674491882,"x":60.25963425636292,"width":896.669921875,"height":145}}],"baseLayer":{"animations":[],"initialState":{"affineTransform":[1,0,0,1,0,0],"masksToBounds":true,"rotation":0,"scale":1,"position":{"pointX":512,"pointY":384},"width":1024,"sublayerTransform":[1,0,0,0,0,1,0,0,0,0,1,0,0,0,0,1],"contentsRect":{"y":0,"x":0,"width":1,"height":1},"opacity":1,"edgeAntialiasingMask":0,"height":768,"hidden":false,"anchorPoint":{"pointX":0.5,"pointY":0.5}},"objectID":"0","layers":[{"animations":[],"initialState":{"affineTransform":[1,0,0,1,0,0],"masksToBounds":false,"rotation":0,"scale":1,"position":{"pointX":512,"pointY":384},"width":1024,"sublayerTransform":[1,0,0,0,0,1,0,0,0,0,1,-0.0004922987690640373,0,0,0,1],"contentsRect":{"y":0,"x":0,"width":1,"height":1},"opacity":1,"edgeAntialiasingMask":15,"height":768,"hidden":false,"anchorPoint":{"pointX":0.5,"pointY":0.5}},"layers":[{"animations":[],"layers":[],"initialState":{"affineTransform":[1,0,0,1,0,0],"masksToBounds":false,"rotation":0,"scale":1,"position":{"pointX":512,"pointY":384},"width":1024,"sublayerTransform":[1,0,0,0,0,1,0,0,0,0,1,0,0,0,0,1],"contentsRect":{"y":0,"x":0,"width":1,"height":1},"opacity":1,"edgeAntialiasingMask":0,"height":768,"hidden":false,"anchorPoint":{"pointX":0.5,"pointY":0.5}},"texture":"0D0B238240A683B1EE440CEA2582C4E1"}]}]}}]} } )